Pass:short:right :: 4-2
[0, 5, 15]
[0.43842364532019706, 0.44170771756978655, 0.11986863711001641]
4.006568144499179

Pass:short:right :: 4-3
[0, 9, 17]
[0.5661157024793388, 0.36363636363636365, 0.07024793388429752]
4.466942148760331

Pass:short:right :: 3-4
[0, 5, 14]
[0.48947368421052634, 0.3578947368421052, 0.15263157894736845]
3.9263157894736844

Pass:short:left :: 4-2
[0, 7, 13]
[0.46127946127946123, 0.43602693602693604, 0.1026936026936027]
4.3872053872053876

Pass:short:left :: 4-3
[0, 8, 15]
[0.5502183406113538, 0.35807860262008734, 0.09170305676855896]
4.240174672489083

Pass:short:left :: 3-4
[0, 6, 13]
[0.5502958579881657, 0.33727810650887574, 0.11242603550295859]
3.4852071005917162

Run:NA:middle :: 4-2
[-7, 2, 7]
[0.2097560975609756, 0.6048780487804878, 0.18536585365853658]
1.0390243902439025

Run:NA:middle :: 4-3
[-2, 2, 5]
[0.18823529411764708, 0.6352941176470589, 0.17647058823529413]
1.7764705882352945

Run:NA:middle :: 3-4
[-2, 1, 5]
[0.17883211678832114, 0.6167883211678832, 0.20437956204379562]
1.281021897810219

Pass:short:middle :: 4-2
[0, 8, 18]
[0.45224719101123595, 0.48314606741573035, 0.06460674157303371]
5.02808988764045

Pass:short:middle :: 4-3
[0, 8, 16]
[0.576271186440678, 0.2966101694915254, 0.12711864406779663]
4.40677966101695

Pass:short:middle :: 3-4
[0, 9, 14]
[0.4943820224719101, 0.34831460674157305, 0.15730337078651685]
5.337078651685394

Run:tackle:left :: 4-2
[0, 2, 8]
[0.22033898305084743, 0.6271186440677967, 0.15254237288135594]
2.474576271186441

Run:tackle:left :: 4-3
[-2, 2, 6]
[0.1377245508982036, 0.7065868263473053, 0.15568862275449102]
2.07185628742515

Run:tackle:left :: 3-4
[2, 2, 9]
[0.3055555555555556, 0.5833333333333333, 0.1111111111111111]
2.7777777777777777

Run:end:left :: 4-2
[-1, 2, 10]
[0.3057324840764331, 0.5031847133757962, 0.19108280254777069]
2.611464968152866

Run:end:left :: 4-3
[0, 2, 11]
[0.24799999999999997, 0.6239999999999999, 0.128]
2.6559999999999997

Run:end:left :: 3-4
[0, 2, 13]
[0.35, 0.48333333333333334, 0.16666666666666666]
3.1333333333333333

Run:guard:left :: 4-2
[0, 1, 6]
[0.22429906542056072, 0.5887850467289719, 0.18691588785046728]
1.7102803738317756

Run:guard:left :: 4-3
[0, 1, 5]
[0.16666666666666666, 0.7129629629629629, 0.12037037037037036]
1.3148148148148149

Run:guard:left :: 3-4
[0, 4, 5]
[0.17164179104477612, 0.6417910447761194, 0.1865671641791045]
3.5

Run:tackle:right :: 4-2
[0, 3, 10]
[0.4230769230769231, 0.47692307692307695, 0.1]
2.430769230769231

Run:tackle:right :: 4-3
[1, 2, 8]
[0.23484848484848486, 0.6060606060606061, 0.15909090909090912]
2.7196969696969697

Run:tackle:right :: 3-4
[0, 2, 6]
[0.21739130434782608, 0.6173913043478261, 0.16521739130434782]
2.226086956521739

Run:guard:right :: 4-2
[2, 5, 9]
[0.3956043956043956, 0.4835164835164835, 0.1208791208791209]
4.2967032967032965

Run:guard:right :: 4-3
[0, 1, 5]
[0.25757575757575757, 0.5681818181818182, 0.17424242424242423]
1.4393939393939394

Run:guard:right :: 3-4
[1, 1, 6]
[0.16666666666666666, 0.6363636363636365, 0.196969696969697]
1.9848484848484849

Run:end:right :: 4-2
[-1, 4, 11]
[0.13821138211382117, 0.6666666666666666, 0.19512195121951217]
4.674796747967479

Run:end:right :: 4-3
[-1, 1, 9]
[0.18604651162790697, 0.5736434108527132, 0.24031007751937986]
2.550387596899225

Run:end:right :: 3-4
[-1, 3, 6]
[0.20618556701030927, 0.6288659793814433, 0.16494845360824742]
2.6701030927835054

Pass:deep:left :: 4-2
[0, 19, 31]
[0.680327868852459, 0.19672131147540983, 0.12295081967213116]
7.549180327868853

Pass:deep:left :: 4-3
[0, 25, 40]
[0.673469387755102, 0.16326530612244897, 0.16326530612244897]
10.612244897959183

Pass:deep:left :: 3-4
[0, 20, 34]
[0.6065573770491804, 0.2786885245901639, 0.11475409836065574]
9.475409836065573

Pass:deep:right :: 4-2
[0, 21, 33]
[0.6636363636363636, 0.23636363636363633, 0.09999999999999999]
8.263636363636362

Pass:deep:right :: 4-3
[0, 24, 38]
[0.5666666666666667, 0.3, 0.13333333333333333]
12.266666666666666

Pass:deep:right :: 3-4
[0, 21, 37]
[0.6415094339622641, 0.2830188679245283, 0.07547169811320754]
8.735849056603774

Pass:deep:middle :: 4-2
[0, 17, 29]
[0.6111111111111112, 0.31481481481481477, 0.07407407407407407]
7.499999999999999

Pass:deep:middle :: 4-3
[0, 18, 32]
[0.6499999999999999, 0.15, 0.2]
9.1

Pass:deep:middle :: 3-4
[0, 21, 50]
[0.5714285714285714, 0.24999999999999997, 0.17857142857142858]
14.178571428571427

