## ite=1000  2nd Downまでで計算
===
[[0], [1], [2]]
Info_set: 1   sigma_sum: 0.200000  pi_i_sum: 3000.000000
Info_set: 1   sigma_sum: 0.200000  pi_i_sum: 3000.000000
Info_set: 1   sigma_sum: 0.794837  pi_i_sum: 3000.000000
Info_set: 1   sigma_sum: 2997.290464  pi_i_sum: 3000.000000
Info_set: 1   sigma_sum: 1.514699  pi_i_sum: 3000.000000
===
[[0, 0], [0, 1], [0, 2], [0, 3], [0, 4], [1, 0], [1, 1], [1, 2], [1, 3], [1, 4], [2, 0], [2, 1], [2, 2], [2, 3], [2, 4]]
Info_set: 2   sigma_sum: 9829.807399  pi_i_sum: 15000.000000
Info_set: 2   sigma_sum: 1.000000  pi_i_sum: 15000.000000
Info_set: 2   sigma_sum: 5169.192601  pi_i_sum: 15000.000000
===
[[0, 0, 0, 0], [0, 0, 0, 1], [0, 0, 0, 2]]
Info_set: 39   sigma_sum: 0.040000  pi_i_sum: 0.600000
Info_set: 39   sigma_sum: 0.040000  pi_i_sum: 0.600000
Info_set: 39   sigma_sum: 0.040000  pi_i_sum: 0.600000
Info_set: 39   sigma_sum: 0.040000  pi_i_sum: 0.600000
Info_set: 39   sigma_sum: 0.440000  pi_i_sum: 0.600000
===
[[0, 0, 0, 0, 0], [0, 0, 0, 0, 1], [0, 0, 0, 0, 2], [0, 0, 0, 0, 3], [0, 0, 0, 0, 4], [0, 0, 0, 1, 0], [0, 0, 0, 1, 1], [0, 0, 0, 1, 2], [0, 0, 0, 1, 3], [0, 0, 0, 1, 4], [0, 0, 0, 2, 0], [0, 0, 0, 2, 1], [0, 0, 0, 2, 2], [0, 0, 0, 2, 3], [0, 0, 0, 2, 4]]
Info_set: 40   sigma_sum: 3275.530155  pi_i_sum: 9826.590466
Info_set: 40   sigma_sum: 3275.530155  pi_i_sum: 9826.590466
Info_set: 40   sigma_sum: 3275.530155  pi_i_sum: 9826.590466
===
[[0, 0, 1, 0], [0, 0, 1, 1], [0, 0, 1, 2]]
Info_set: 41   sigma_sum: 0.040000  pi_i_sum: 0.600000
Info_set: 41   sigma_sum: 0.040000  pi_i_sum: 0.600000
Info_set: 41   sigma_sum: 0.040000  pi_i_sum: 0.600000
Info_set: 41   sigma_sum: 0.040000  pi_i_sum: 0.600000
Info_set: 41   sigma_sum: 0.440000  pi_i_sum: 0.600000
===
[[0, 0, 1, 0, 0], [0, 0, 1, 0, 1], [0, 0, 1, 0, 2], [0, 0, 1, 0, 3], [0, 0, 1, 0, 4], [0, 0, 1, 1, 0], [0, 0, 1, 1, 1], [0, 0, 1, 1, 2], [0, 0, 1, 1, 3], [0, 0, 1, 1, 4], [0, 0, 1, 2, 0], [0, 0, 1, 2, 1], [0, 0, 1, 2, 2], [0, 0, 1, 2, 3], [0, 0, 1, 2, 4]]
Info_set: 42   sigma_sum: 1.666667  pi_i_sum: 5.000000
Info_set: 42   sigma_sum: 1.666667  pi_i_sum: 5.000000
Info_set: 42   sigma_sum: 1.666667  pi_i_sum: 5.000000
===
[[0, 0, 2, 0], [0, 0, 2, 1], [0, 0, 2, 2]]
Info_set: 43   sigma_sum: 0.040000  pi_i_sum: 0.600000
Info_set: 43   sigma_sum: 0.040000  pi_i_sum: 0.600000
Info_set: 43   sigma_sum: 0.040000  pi_i_sum: 0.600000
Info_set: 43   sigma_sum: 0.040000  pi_i_sum: 0.600000
Info_set: 43   sigma_sum: 0.440000  pi_i_sum: 0.600000
===
[[0, 0, 2, 0, 0], [0, 0, 2, 0, 1], [0, 0, 2, 0, 2], [0, 0, 2, 0, 3], [0, 0, 2, 0, 4], [0, 0, 2, 1, 0], [0, 0, 2, 1, 1], [0, 0, 2, 1, 2], [0, 0, 2, 1, 3], [0, 0, 2, 1, 4], [0, 0, 2, 2, 0], [0, 0, 2, 2, 1], [0, 0, 2, 2, 2], [0, 0, 2, 2, 3], [0, 0, 2, 2, 4]]
Info_set: 44   sigma_sum: 1722.803178  pi_i_sum: 5168.409534
Info_set: 44   sigma_sum: 1722.803178  pi_i_sum: 5168.409534
Info_set: 44   sigma_sum: 1722.803178  pi_i_sum: 5168.409534
===
[[0, 1, 0, 0], [0, 1, 0, 1], [0, 1, 0, 2]]
Info_set: 45   sigma_sum: 0.040000  pi_i_sum: 0.600000
Info_set: 45   sigma_sum: 0.040000  pi_i_sum: 0.600000
Info_set: 45   sigma_sum: 0.040000  pi_i_sum: 0.600000
Info_set: 45   sigma_sum: 0.040000  pi_i_sum: 0.600000
Info_set: 45   sigma_sum: 0.440000  pi_i_sum: 0.600000
===
[[0, 1, 0, 0, 0], [0, 1, 0, 0, 1], [0, 1, 0, 0, 2], [0, 1, 0, 0, 3], [0, 1, 0, 0, 4], [0, 1, 0, 1, 0], [0, 1, 0, 1, 1], [0, 1, 0, 1, 2], [0, 1, 0, 1, 3], [0, 1, 0, 1, 4], [0, 1, 0, 2, 0], [0, 1, 0, 2, 1], [0, 1, 0, 2, 2], [0, 1, 0, 2, 3], [0, 1, 0, 2, 4]]
Info_set: 46   sigma_sum: 3275.530155  pi_i_sum: 9826.590466
Info_set: 46   sigma_sum: 3275.530155  pi_i_sum: 9826.590466
Info_set: 46   sigma_sum: 3275.530155  pi_i_sum: 9826.590466
===
[[0, 1, 1, 0], [0, 1, 1, 1], [0, 1, 1, 2]]
Info_set: 47   sigma_sum: 0.040000  pi_i_sum: 0.600000
Info_set: 47   sigma_sum: 0.040000  pi_i_sum: 0.600000
Info_set: 47   sigma_sum: 0.040000  pi_i_sum: 0.600000
Info_set: 47   sigma_sum: 0.140000  pi_i_sum: 0.600000
Info_set: 47   sigma_sum: 0.340000  pi_i_sum: 0.600000
===
[[0, 1, 1, 0, 0], [0, 1, 1, 0, 1], [0, 1, 1, 0, 2], [0, 1, 1, 0, 3], [0, 1, 1, 0, 4], [0, 1, 1, 1, 0], [0, 1, 1, 1, 1], [0, 1, 1, 1, 2], [0, 1, 1, 1, 3], [0, 1, 1, 1, 4], [0, 1, 1, 2, 0], [0, 1, 1, 2, 1], [0, 1, 1, 2, 2], [0, 1, 1, 2, 3], [0, 1, 1, 2, 4]]
Info_set: 48   sigma_sum: 1.666667  pi_i_sum: 5.000000
Info_set: 48   sigma_sum: 1.666667  pi_i_sum: 5.000000
Info_set: 48   sigma_sum: 1.666667  pi_i_sum: 5.000000
===
[[0, 1, 2, 0], [0, 1, 2, 1], [0, 1, 2, 2]]
Info_set: 49   sigma_sum: 0.040000  pi_i_sum: 0.600000
Info_set: 49   sigma_sum: 0.040000  pi_i_sum: 0.600000
Info_set: 49   sigma_sum: 0.040000  pi_i_sum: 0.600000
Info_set: 49   sigma_sum: 0.040000  pi_i_sum: 0.600000
Info_set: 49   sigma_sum: 0.440000  pi_i_sum: 0.600000
===
[[0, 1, 2, 0, 0], [0, 1, 2, 0, 1], [0, 1, 2, 0, 2], [0, 1, 2, 0, 3], [0, 1, 2, 0, 4], [0, 1, 2, 1, 0], [0, 1, 2, 1, 1], [0, 1, 2, 1, 2], [0, 1, 2, 1, 3], [0, 1, 2, 1, 4], [0, 1, 2, 2, 0], [0, 1, 2, 2, 1], [0, 1, 2, 2, 2], [0, 1, 2, 2, 3], [0, 1, 2, 2, 4]]
Info_set: 50   sigma_sum: 1722.803178  pi_i_sum: 5168.409534
Info_set: 50   sigma_sum: 1722.803178  pi_i_sum: 5168.409534
Info_set: 50   sigma_sum: 1722.803178  pi_i_sum: 5168.409534
===
[[0, 2, 0, 0], [0, 2, 0, 1], [0, 2, 0, 2]]
Info_set: 51   sigma_sum: 0.040000  pi_i_sum: 1.074691
Info_set: 51   sigma_sum: 0.040000  pi_i_sum: 1.074691
Info_set: 51   sigma_sum: 0.227434  pi_i_sum: 1.074691
Info_set: 51   sigma_sum: 0.539823  pi_i_sum: 1.074691
Info_set: 51   sigma_sum: 0.227434  pi_i_sum: 1.074691
===
[[0, 2, 0, 0, 0], [0, 2, 0, 0, 1], [0, 2, 0, 0, 2], [0, 2, 0, 0, 3], [0, 2, 0, 0, 4], [0, 2, 0, 1, 0], [0, 2, 0, 1, 1], [0, 2, 0, 1, 2], [0, 2, 0, 1, 3], [0, 2, 0, 1, 4], [0, 2, 0, 2, 0], [0, 2, 0, 2, 1], [0, 2, 0, 2, 2], [0, 2, 0, 2, 3], [0, 2, 0, 2, 4]]
Info_set: 52   sigma_sum: 0.333333  pi_i_sum: 9826.590466
Info_set: 52   sigma_sum: 0.333333  pi_i_sum: 9826.590466
Info_set: 52   sigma_sum: 9825.923799  pi_i_sum: 9826.590466
===
[[0, 2, 1, 0], [0, 2, 1, 1], [0, 2, 1, 2]]
Info_set: 53   sigma_sum: 0.040000  pi_i_sum: 1.074691
Info_set: 53   sigma_sum: 0.040000  pi_i_sum: 1.074691
Info_set: 53   sigma_sum: 0.227434  pi_i_sum: 1.074691
Info_set: 53   sigma_sum: 0.539823  pi_i_sum: 1.074691
Info_set: 53   sigma_sum: 0.227434  pi_i_sum: 1.074691
===
[[0, 2, 1, 0, 0], [0, 2, 1, 0, 1], [0, 2, 1, 0, 2], [0, 2, 1, 0, 3], [0, 2, 1, 0, 4], [0, 2, 1, 1, 0], [0, 2, 1, 1, 1], [0, 2, 1, 1, 2], [0, 2, 1, 1, 3], [0, 2, 1, 1, 4], [0, 2, 1, 2, 0], [0, 2, 1, 2, 1], [0, 2, 1, 2, 2], [0, 2, 1, 2, 3], [0, 2, 1, 2, 4]]
Info_set: 54   sigma_sum: 0.333333  pi_i_sum: 5.000000
Info_set: 54   sigma_sum: 0.333333  pi_i_sum: 5.000000
Info_set: 54   sigma_sum: 4.333333  pi_i_sum: 5.000000
===
[[0, 2, 2, 0], [0, 2, 2, 1], [0, 2, 2, 2]]
Info_set: 55   sigma_sum: 0.040000  pi_i_sum: 1.074691
Info_set: 55   sigma_sum: 0.040000  pi_i_sum: 1.074691
Info_set: 55   sigma_sum: 0.040000  pi_i_sum: 1.074691
Info_set: 55   sigma_sum: 0.771653  pi_i_sum: 1.074691
Info_set: 55   sigma_sum: 0.183038  pi_i_sum: 1.074691
===
[[0, 2, 2, 0, 0], [0, 2, 2, 0, 1], [0, 2, 2, 0, 2], [0, 2, 2, 0, 3], [0, 2, 2, 0, 4], [0, 2, 2, 1, 0], [0, 2, 2, 1, 1], [0, 2, 2, 1, 2], [0, 2, 2, 1, 3], [0, 2, 2, 1, 4], [0, 2, 2, 2, 0], [0, 2, 2, 2, 1], [0, 2, 2, 2, 2], [0, 2, 2, 2, 3], [0, 2, 2, 2, 4]]
Info_set: 56   sigma_sum: 2231.818258  pi_i_sum: 5168.409534
Info_set: 56   sigma_sum: 0.444444  pi_i_sum: 5168.409534
Info_set: 56   sigma_sum: 2936.146831  pi_i_sum: 5168.409534
===
[[0, 3, 0, 0], [0, 3, 0, 1], [0, 3, 0, 2]]
Info_set: 57   sigma_sum: 0.040000  pi_i_sum: 2996.029126
Info_set: 57   sigma_sum: 0.040000  pi_i_sum: 2996.029126
Info_set: 57   sigma_sum: 0.646241  pi_i_sum: 2996.029126
Info_set: 57   sigma_sum: 2994.656643  pi_i_sum: 2996.029126
Info_set: 57   sigma_sum: 0.646241  pi_i_sum: 2996.029126
===
[[0, 3, 0, 0, 0], [0, 3, 0, 0, 1], [0, 3, 0, 0, 2], [0, 3, 0, 0, 3], [0, 3, 0, 0, 4], [0, 3, 0, 1, 0], [0, 3, 0, 1, 1], [0, 3, 0, 1, 2], [0, 3, 0, 1, 3], [0, 3, 0, 1, 4], [0, 3, 0, 2, 0], [0, 3, 0, 2, 1], [0, 3, 0, 2, 2], [0, 3, 0, 2, 3], [0, 3, 0, 2, 4]]
Info_set: 58   sigma_sum: 0.000000  pi_i_sum: 9821.590466
Info_set: 58   sigma_sum: 0.000000  pi_i_sum: 9821.590466
Info_set: 58   sigma_sum: 9821.590466  pi_i_sum: 9821.590466
===
[[0, 3, 1, 0], [0, 3, 1, 1], [0, 3, 1, 2]]
Info_set: 59   sigma_sum: 0.040000  pi_i_sum: 2996.029126
Info_set: 59   sigma_sum: 0.040000  pi_i_sum: 2996.029126
Info_set: 59   sigma_sum: 998.649709  pi_i_sum: 2996.029126
Info_set: 59   sigma_sum: 998.649709  pi_i_sum: 2996.029126
Info_set: 59   sigma_sum: 998.649709  pi_i_sum: 2996.029126
===
[[0, 3, 1, 0, 0], [0, 3, 1, 0, 1], [0, 3, 1, 0, 2], [0, 3, 1, 0, 3], [0, 3, 1, 0, 4], [0, 3, 1, 1, 0], [0, 3, 1, 1, 1], [0, 3, 1, 1, 2], [0, 3, 1, 1, 3], [0, 3, 1, 1, 4], [0, 3, 1, 2, 0], [0, 3, 1, 2, 1], [0, 3, 1, 2, 2], [0, 3, 1, 2, 3], [0, 3, 1, 2, 4]]
Info_set: 60   sigma_sum: 0.000000  pi_i_sum: 0.000000
Info_set: 60   sigma_sum: 0.000000  pi_i_sum: 0.000000
Info_set: 60   sigma_sum: 0.000000  pi_i_sum: 0.000000
===
[[0, 3, 2, 0], [0, 3, 2, 1], [0, 3, 2, 2]]
Info_set: 61   sigma_sum: 0.040000  pi_i_sum: 2996.029126
Info_set: 61   sigma_sum: 0.040000  pi_i_sum: 2996.029126
Info_set: 61   sigma_sum: 0.227795  pi_i_sum: 2996.029126
Info_set: 61   sigma_sum: 2995.493536  pi_i_sum: 2996.029126
Info_set: 61   sigma_sum: 0.227795  pi_i_sum: 2996.029126
===
[[0, 3, 2, 0, 0], [0, 3, 2, 0, 1], [0, 3, 2, 0, 2], [0, 3, 2, 0, 3], [0, 3, 2, 0, 4], [0, 3, 2, 1, 0], [0, 3, 2, 1, 1], [0, 3, 2, 1, 2], [0, 3, 2, 1, 3], [0, 3, 2, 1, 4], [0, 3, 2, 2, 0], [0, 3, 2, 2, 1], [0, 3, 2, 2, 2], [0, 3, 2, 2, 3], [0, 3, 2, 2, 4]]
Info_set: 62   sigma_sum: 1.000000  pi_i_sum: 5178.409534
Info_set: 62   sigma_sum: 1.000000  pi_i_sum: 5178.409534
Info_set: 62   sigma_sum: 5176.409534  pi_i_sum: 5178.409534
===
[[0, 4, 0, 0], [0, 4, 0, 1], [0, 4, 0, 2]]
Info_set: 63   sigma_sum: 0.040000  pi_i_sum: 1.696183
Info_set: 63   sigma_sum: 0.040000  pi_i_sum: 1.696183
Info_set: 63   sigma_sum: 0.360611  pi_i_sum: 1.696183
Info_set: 63   sigma_sum: 0.894962  pi_i_sum: 1.696183
Info_set: 63   sigma_sum: 0.360611  pi_i_sum: 1.696183
===
[[0, 4, 0, 0, 0], [0, 4, 0, 0, 1], [0, 4, 0, 0, 2], [0, 4, 0, 0, 3], [0, 4, 0, 0, 4], [0, 4, 0, 1, 0], [0, 4, 0, 1, 1], [0, 4, 0, 1, 2], [0, 4, 0, 1, 3], [0, 4, 0, 1, 4], [0, 4, 0, 2, 0], [0, 4, 0, 2, 1], [0, 4, 0, 2, 2], [0, 4, 0, 2, 3], [0, 4, 0, 2, 4]]
Info_set: 64   sigma_sum: 0.000000  pi_i_sum: 9831.431739
Info_set: 64   sigma_sum: 0.000000  pi_i_sum: 9831.431739
Info_set: 64   sigma_sum: 9831.431739  pi_i_sum: 9831.431739
===
[[0, 4, 2, 0], [0, 4, 2, 1], [0, 4, 2, 2]]
Info_set: 65   sigma_sum: 0.040000  pi_i_sum: 1.696183
Info_set: 65   sigma_sum: 0.040000  pi_i_sum: 1.696183
Info_set: 65   sigma_sum: 0.040000  pi_i_sum: 1.696183
Info_set: 65   sigma_sum: 1.358618  pi_i_sum: 1.696183
Info_set: 65   sigma_sum: 0.217566  pi_i_sum: 1.696183
===
[[0, 4, 2, 0, 0], [0, 4, 2, 0, 1], [0, 4, 2, 0, 2], [0, 4, 2, 0, 3], [0, 4, 2, 0, 4], [0, 4, 2, 1, 0], [0, 4, 2, 1, 1], [0, 4, 2, 1, 2], [0, 4, 2, 1, 3], [0, 4, 2, 1, 4], [0, 4, 2, 2, 0], [0, 4, 2, 2, 1], [0, 4, 2, 2, 2], [0, 4, 2, 2, 3], [0, 4, 2, 2, 4]]
Info_set: 66   sigma_sum: 2231.896901  pi_i_sum: 5168.568261
Info_set: 66   sigma_sum: 1.333333  pi_i_sum: 5168.568261
Info_set: 66   sigma_sum: 2935.338027  pi_i_sum: 5168.568261
===
[[1, 0, 0, 0], [1, 0, 0, 1], [1, 0, 0, 2]]
Info_set: 67   sigma_sum: 0.000000  pi_i_sum: 0.000000
Info_set: 67   sigma_sum: 0.000000  pi_i_sum: 0.000000
Info_set: 67   sigma_sum: 0.000000  pi_i_sum: 0.000000
Info_set: 67   sigma_sum: 0.000000  pi_i_sum: 0.000000
Info_set: 67   sigma_sum: 0.000000  pi_i_sum: 0.000000
===
[[1, 0, 0, 0, 0], [1, 0, 0, 0, 1], [1, 0, 0, 0, 2], [1, 0, 0, 0, 3], [1, 0, 0, 0, 4], [1, 0, 0, 1, 0], [1, 0, 0, 1, 1], [1, 0, 0, 1, 2], [1, 0, 0, 1, 3], [1, 0, 0, 1, 4], [1, 0, 0, 2, 0], [1, 0, 0, 2, 1], [1, 0, 0, 2, 2], [1, 0, 0, 2, 3], [1, 0, 0, 2, 4]]
Info_set: 68   sigma_sum: 3277.143913  pi_i_sum: 9831.431739
Info_set: 68   sigma_sum: 3277.143913  pi_i_sum: 9831.431739
Info_set: 68   sigma_sum: 3277.143913  pi_i_sum: 9831.431739
===
[[1, 0, 1, 0], [1, 0, 1, 1], [1, 0, 1, 2]]
Info_set: 69   sigma_sum: 0.000000  pi_i_sum: 0.000000
Info_set: 69   sigma_sum: 0.000000  pi_i_sum: 0.000000
Info_set: 69   sigma_sum: 0.000000  pi_i_sum: 0.000000
Info_set: 69   sigma_sum: 0.000000  pi_i_sum: 0.000000
Info_set: 69   sigma_sum: 0.000000  pi_i_sum: 0.000000
===
[[1, 0, 1, 0, 0], [1, 0, 1, 0, 1], [1, 0, 1, 0, 2], [1, 0, 1, 0, 3], [1, 0, 1, 0, 4], [1, 0, 1, 1, 0], [1, 0, 1, 1, 1], [1, 0, 1, 1, 2], [1, 0, 1, 1, 3], [1, 0, 1, 1, 4], [1, 0, 1, 2, 0], [1, 0, 1, 2, 1], [1, 0, 1, 2, 2], [1, 0, 1, 2, 3], [1, 0, 1, 2, 4]]
Info_set: 70   sigma_sum: 0.000000  pi_i_sum: 0.000000
Info_set: 70   sigma_sum: 0.000000  pi_i_sum: 0.000000
Info_set: 70   sigma_sum: 0.000000  pi_i_sum: 0.000000
===
[[1, 0, 2, 0], [1, 0, 2, 1], [1, 0, 2, 2]]
Info_set: 71   sigma_sum: 0.000000  pi_i_sum: 0.000000
Info_set: 71   sigma_sum: 0.000000  pi_i_sum: 0.000000
Info_set: 71   sigma_sum: 0.000000  pi_i_sum: 0.000000
Info_set: 71   sigma_sum: 0.000000  pi_i_sum: 0.000000
Info_set: 71   sigma_sum: 0.000000  pi_i_sum: 0.000000
===
[[1, 0, 2, 0, 0], [1, 0, 2, 0, 1], [1, 0, 2, 0, 2], [1, 0, 2, 0, 3], [1, 0, 2, 0, 4], [1, 0, 2, 1, 0], [1, 0, 2, 1, 1], [1, 0, 2, 1, 2], [1, 0, 2, 1, 3], [1, 0, 2, 1, 4], [1, 0, 2, 2, 0], [1, 0, 2, 2, 1], [1, 0, 2, 2, 2], [1, 0, 2, 2, 3], [1, 0, 2, 2, 4]]
Info_set: 72   sigma_sum: 1722.856087  pi_i_sum: 5168.568261
Info_set: 72   sigma_sum: 1722.856087  pi_i_sum: 5168.568261
Info_set: 72   sigma_sum: 1722.856087  pi_i_sum: 5168.568261
===
[[1, 1, 0, 0], [1, 1, 0, 1], [1, 1, 0, 2]]
Info_set: 73   sigma_sum: 0.000000  pi_i_sum: 0.000000
Info_set: 73   sigma_sum: 0.000000  pi_i_sum: 0.000000
Info_set: 73   sigma_sum: 0.000000  pi_i_sum: 0.000000
Info_set: 73   sigma_sum: 0.000000  pi_i_sum: 0.000000
Info_set: 73   sigma_sum: 0.000000  pi_i_sum: 0.000000
===
[[1, 1, 0, 0, 0], [1, 1, 0, 0, 1], [1, 1, 0, 0, 2], [1, 1, 0, 0, 3], [1, 1, 0, 0, 4], [1, 1, 0, 1, 0], [1, 1, 0, 1, 1], [1, 1, 0, 1, 2], [1, 1, 0, 1, 3], [1, 1, 0, 1, 4], [1, 1, 0, 2, 0], [1, 1, 0, 2, 1], [1, 1, 0, 2, 2], [1, 1, 0, 2, 3], [1, 1, 0, 2, 4]]
Info_set: 74   sigma_sum: 3277.143913  pi_i_sum: 9831.431739
Info_set: 74   sigma_sum: 3277.143913  pi_i_sum: 9831.431739
Info_set: 74   sigma_sum: 3277.143913  pi_i_sum: 9831.431739
===
[[1, 1, 1, 0], [1, 1, 1, 1], [1, 1, 1, 2]]
Info_set: 75   sigma_sum: 0.000000  pi_i_sum: 0.000000
Info_set: 75   sigma_sum: 0.000000  pi_i_sum: 0.000000
Info_set: 75   sigma_sum: 0.000000  pi_i_sum: 0.000000
Info_set: 75   sigma_sum: 0.000000  pi_i_sum: 0.000000
Info_set: 75   sigma_sum: 0.000000  pi_i_sum: 0.000000
===
[[1, 1, 1, 0, 0], [1, 1, 1, 0, 1], [1, 1, 1, 0, 2], [1, 1, 1, 0, 3], [1, 1, 1, 0, 4], [1, 1, 1, 1, 0], [1, 1, 1, 1, 1], [1, 1, 1, 1, 2], [1, 1, 1, 1, 3], [1, 1, 1, 1, 4], [1, 1, 1, 2, 0], [1, 1, 1, 2, 1], [1, 1, 1, 2, 2], [1, 1, 1, 2, 3], [1, 1, 1, 2, 4]]
Info_set: 76   sigma_sum: 0.000000  pi_i_sum: 0.000000
Info_set: 76   sigma_sum: 0.000000  pi_i_sum: 0.000000
Info_set: 76   sigma_sum: 0.000000  pi_i_sum: 0.000000
===
[[1, 1, 2, 0], [1, 1, 2, 1], [1, 1, 2, 2]]
Info_set: 77   sigma_sum: 0.000000  pi_i_sum: 0.000000
Info_set: 77   sigma_sum: 0.000000  pi_i_sum: 0.000000
Info_set: 77   sigma_sum: 0.000000  pi_i_sum: 0.000000
Info_set: 77   sigma_sum: 0.000000  pi_i_sum: 0.000000
Info_set: 77   sigma_sum: 0.000000  pi_i_sum: 0.000000
===
[[1, 1, 2, 0, 0], [1, 1, 2, 0, 1], [1, 1, 2, 0, 2], [1, 1, 2, 0, 3], [1, 1, 2, 0, 4], [1, 1, 2, 1, 0], [1, 1, 2, 1, 1], [1, 1, 2, 1, 2], [1, 1, 2, 1, 3], [1, 1, 2, 1, 4], [1, 1, 2, 2, 0], [1, 1, 2, 2, 1], [1, 1, 2, 2, 2], [1, 1, 2, 2, 3], [1, 1, 2, 2, 4]]
Info_set: 78   sigma_sum: 1722.856087  pi_i_sum: 5168.568261
Info_set: 78   sigma_sum: 1722.856087  pi_i_sum: 5168.568261
Info_set: 78   sigma_sum: 1722.856087  pi_i_sum: 5168.568261
===
[[1, 2, 0, 0], [1, 2, 0, 1], [1, 2, 0, 2]]
Info_set: 79   sigma_sum: 0.050142  pi_i_sum: 0.752125
Info_set: 79   sigma_sum: 0.050142  pi_i_sum: 0.752125
Info_set: 79   sigma_sum: 0.217280  pi_i_sum: 0.752125
Info_set: 79   sigma_sum: 0.217280  pi_i_sum: 0.752125
Info_set: 79   sigma_sum: 0.217280  pi_i_sum: 0.752125
===
[[1, 2, 0, 0, 0], [1, 2, 0, 0, 1], [1, 2, 0, 0, 2], [1, 2, 0, 0, 3], [1, 2, 0, 0, 4], [1, 2, 0, 1, 0], [1, 2, 0, 1, 1], [1, 2, 0, 1, 2], [1, 2, 0, 1, 3], [1, 2, 0, 1, 4], [1, 2, 0, 2, 0], [1, 2, 0, 2, 1], [1, 2, 0, 2, 2], [1, 2, 0, 2, 3], [1, 2, 0, 2, 4]]
Info_set: 80   sigma_sum: 3277.143913  pi_i_sum: 9831.431739
Info_set: 80   sigma_sum: 3277.143913  pi_i_sum: 9831.431739
Info_set: 80   sigma_sum: 3277.143913  pi_i_sum: 9831.431739
===
[[1, 2, 1, 0], [1, 2, 1, 1], [1, 2, 1, 2]]
Info_set: 81   sigma_sum: 0.050142  pi_i_sum: 0.752125
Info_set: 81   sigma_sum: 0.050142  pi_i_sum: 0.752125
Info_set: 81   sigma_sum: 0.217280  pi_i_sum: 0.752125
Info_set: 81   sigma_sum: 0.217280  pi_i_sum: 0.752125
Info_set: 81   sigma_sum: 0.217280  pi_i_sum: 0.752125
===
[[1, 2, 1, 0, 0], [1, 2, 1, 0, 1], [1, 2, 1, 0, 2], [1, 2, 1, 0, 3], [1, 2, 1, 0, 4], [1, 2, 1, 1, 0], [1, 2, 1, 1, 1], [1, 2, 1, 1, 2], [1, 2, 1, 1, 3], [1, 2, 1, 1, 4], [1, 2, 1, 2, 0], [1, 2, 1, 2, 1], [1, 2, 1, 2, 2], [1, 2, 1, 2, 3], [1, 2, 1, 2, 4]]
Info_set: 82   sigma_sum: 0.000000  pi_i_sum: 0.000000
Info_set: 82   sigma_sum: 0.000000  pi_i_sum: 0.000000
Info_set: 82   sigma_sum: 0.000000  pi_i_sum: 0.000000
===
[[1, 2, 2, 0], [1, 2, 2, 1], [1, 2, 2, 2]]
Info_set: 83   sigma_sum: 0.050142  pi_i_sum: 0.752125
Info_set: 83   sigma_sum: 0.050142  pi_i_sum: 0.752125
Info_set: 83   sigma_sum: 0.157588  pi_i_sum: 0.752125
Info_set: 83   sigma_sum: 0.336665  pi_i_sum: 0.752125
Info_set: 83   sigma_sum: 0.157588  pi_i_sum: 0.752125
===
[[1, 2, 2, 0, 0], [1, 2, 2, 0, 1], [1, 2, 2, 0, 2], [1, 2, 2, 0, 3], [1, 2, 2, 0, 4], [1, 2, 2, 1, 0], [1, 2, 2, 1, 1], [1, 2, 2, 1, 2], [1, 2, 2, 1, 3], [1, 2, 2, 1, 4], [1, 2, 2, 2, 0], [1, 2, 2, 2, 1], [1, 2, 2, 2, 2], [1, 2, 2, 2, 3], [1, 2, 2, 2, 4]]
Info_set: 84   sigma_sum: 1.000000  pi_i_sum: 5168.568261
Info_set: 84   sigma_sum: 1.000000  pi_i_sum: 5168.568261
Info_set: 84   sigma_sum: 5166.568261  pi_i_sum: 5168.568261
===
[[1, 3, 0, 0], [1, 3, 0, 1], [1, 3, 0, 2]]
Info_set: 85   sigma_sum: 0.077054  pi_i_sum: 2997.566731
Info_set: 85   sigma_sum: 0.077054  pi_i_sum: 2997.566731
Info_set: 85   sigma_sum: 999.137541  pi_i_sum: 2997.566731
Info_set: 85   sigma_sum: 999.137541  pi_i_sum: 2997.566731
Info_set: 85   sigma_sum: 999.137541  pi_i_sum: 2997.566731
===
[[1, 3, 0, 0, 0], [1, 3, 0, 0, 1], [1, 3, 0, 0, 2], [1, 3, 0, 0, 3], [1, 3, 0, 0, 4], [1, 3, 0, 1, 0], [1, 3, 0, 1, 1], [1, 3, 0, 1, 2], [1, 3, 0, 1, 3], [1, 3, 0, 1, 4], [1, 3, 0, 2, 0], [1, 3, 0, 2, 1], [1, 3, 0, 2, 2], [1, 3, 0, 2, 3], [1, 3, 0, 2, 4]]
Info_set: 86   sigma_sum: 3277.143913  pi_i_sum: 9831.431739
Info_set: 86   sigma_sum: 3277.143913  pi_i_sum: 9831.431739
Info_set: 86   sigma_sum: 3277.143913  pi_i_sum: 9831.431739
===
[[1, 3, 1, 0], [1, 3, 1, 1], [1, 3, 1, 2]]
Info_set: 87   sigma_sum: 0.077054  pi_i_sum: 2997.566731
Info_set: 87   sigma_sum: 749.372419  pi_i_sum: 2997.566731
Info_set: 87   sigma_sum: 749.372419  pi_i_sum: 2997.566731
Info_set: 87   sigma_sum: 749.372419  pi_i_sum: 2997.566731
Info_set: 87   sigma_sum: 749.372419  pi_i_sum: 2997.566731
===
[[1, 3, 1, 0, 0], [1, 3, 1, 0, 1], [1, 3, 1, 0, 2], [1, 3, 1, 0, 3], [1, 3, 1, 0, 4], [1, 3, 1, 1, 0], [1, 3, 1, 1, 1], [1, 3, 1, 1, 2], [1, 3, 1, 1, 3], [1, 3, 1, 1, 4], [1, 3, 1, 2, 0], [1, 3, 1, 2, 1], [1, 3, 1, 2, 2], [1, 3, 1, 2, 3], [1, 3, 1, 2, 4]]
Info_set: 88   sigma_sum: 0.000000  pi_i_sum: 0.000000
Info_set: 88   sigma_sum: 0.000000  pi_i_sum: 0.000000
Info_set: 88   sigma_sum: 0.000000  pi_i_sum: 0.000000
===
[[1, 3, 2, 0], [1, 3, 2, 1], [1, 3, 2, 2]]
Info_set: 89   sigma_sum: 0.077054  pi_i_sum: 2997.566731
Info_set: 89   sigma_sum: 0.077054  pi_i_sum: 2997.566731
Info_set: 89   sigma_sum: 999.137541  pi_i_sum: 2997.566731
Info_set: 89   sigma_sum: 999.137541  pi_i_sum: 2997.566731
Info_set: 89   sigma_sum: 999.137541  pi_i_sum: 2997.566731
===
[[1, 3, 2, 0, 0], [1, 3, 2, 0, 1], [1, 3, 2, 0, 2], [1, 3, 2, 0, 3], [1, 3, 2, 0, 4], [1, 3, 2, 1, 0], [1, 3, 2, 1, 1], [1, 3, 2, 1, 2], [1, 3, 2, 1, 3], [1, 3, 2, 1, 4], [1, 3, 2, 2, 0], [1, 3, 2, 2, 1], [1, 3, 2, 2, 2], [1, 3, 2, 2, 3], [1, 3, 2, 2, 4]]
Info_set: 90   sigma_sum: 1722.856087  pi_i_sum: 5168.568261
Info_set: 90   sigma_sum: 1722.856087  pi_i_sum: 5168.568261
Info_set: 90   sigma_sum: 1722.856087  pi_i_sum: 5168.568261
===
[[1, 4, 0, 0], [1, 4, 0, 1], [1, 4, 0, 2]]
Info_set: 91   sigma_sum: 0.072805  pi_i_sum: 1.681144
Info_set: 91   sigma_sum: 0.072805  pi_i_sum: 1.681144
Info_set: 91   sigma_sum: 0.511845  pi_i_sum: 1.681144
Info_set: 91   sigma_sum: 0.511845  pi_i_sum: 1.681144
Info_set: 91   sigma_sum: 0.511845  pi_i_sum: 1.681144
===
[[1, 4, 0, 0, 0], [1, 4, 0, 0, 1], [1, 4, 0, 0, 2], [1, 4, 0, 0, 3], [1, 4, 0, 0, 4], [1, 4, 0, 1, 0], [1, 4, 0, 1, 1], [1, 4, 0, 1, 2], [1, 4, 0, 1, 3], [1, 4, 0, 1, 4], [1, 4, 0, 2, 0], [1, 4, 0, 2, 1], [1, 4, 0, 2, 2], [1, 4, 0, 2, 3], [1, 4, 0, 2, 4]]
Info_set: 92   sigma_sum: 3277.143913  pi_i_sum: 9831.431739
Info_set: 92   sigma_sum: 3277.143913  pi_i_sum: 9831.431739
Info_set: 92   sigma_sum: 3277.143913  pi_i_sum: 9831.431739
===
[[1, 4, 2, 0], [1, 4, 2, 1], [1, 4, 2, 2]]
Info_set: 93   sigma_sum: 0.072805  pi_i_sum: 1.681144
Info_set: 93   sigma_sum: 0.072805  pi_i_sum: 1.681144
Info_set: 93   sigma_sum: 0.270891  pi_i_sum: 1.681144
Info_set: 93   sigma_sum: 0.993753  pi_i_sum: 1.681144
Info_set: 93   sigma_sum: 0.270891  pi_i_sum: 1.681144
===
[[1, 4, 2, 0, 0], [1, 4, 2, 0, 1], [1, 4, 2, 0, 2], [1, 4, 2, 0, 3], [1, 4, 2, 0, 4], [1, 4, 2, 1, 0], [1, 4, 2, 1, 1], [1, 4, 2, 1, 2], [1, 4, 2, 1, 3], [1, 4, 2, 1, 4], [1, 4, 2, 2, 0], [1, 4, 2, 2, 1], [1, 4, 2, 2, 2], [1, 4, 2, 2, 3], [1, 4, 2, 2, 4]]
Info_set: 94   sigma_sum: 1.000000  pi_i_sum: 5168.568261
Info_set: 94   sigma_sum: 1.000000  pi_i_sum: 5168.568261
Info_set: 94   sigma_sum: 5166.568261  pi_i_sum: 5168.568261
===
[[2, 0, 0, 0], [2, 0, 0, 1], [2, 0, 0, 2]]
Info_set: 95   sigma_sum: 0.000000  pi_i_sum: 0.000000
Info_set: 95   sigma_sum: 0.000000  pi_i_sum: 0.000000
Info_set: 95   sigma_sum: 0.000000  pi_i_sum: 0.000000
Info_set: 95   sigma_sum: 0.000000  pi_i_sum: 0.000000
Info_set: 95   sigma_sum: 0.000000  pi_i_sum: 0.000000
===
[[2, 0, 0, 0, 0], [2, 0, 0, 0, 1], [2, 0, 0, 0, 2], [2, 0, 0, 0, 3], [2, 0, 0, 0, 4], [2, 0, 0, 1, 0], [2, 0, 0, 1, 1], [2, 0, 0, 1, 2], [2, 0, 0, 1, 3], [2, 0, 0, 1, 4], [2, 0, 0, 2, 0], [2, 0, 0, 2, 1], [2, 0, 0, 2, 2], [2, 0, 0, 2, 3], [2, 0, 0, 2, 4]]
Info_set: 96   sigma_sum: 3277.143913  pi_i_sum: 9831.431739
Info_set: 96   sigma_sum: 3277.143913  pi_i_sum: 9831.431739
Info_set: 96   sigma_sum: 3277.143913  pi_i_sum: 9831.431739
===
[[2, 0, 1, 0], [2, 0, 1, 1], [2, 0, 1, 2]]
Info_set: 97   sigma_sum: 0.000000  pi_i_sum: 0.000000
Info_set: 97   sigma_sum: 0.000000  pi_i_sum: 0.000000
Info_set: 97   sigma_sum: 0.000000  pi_i_sum: 0.000000
Info_set: 97   sigma_sum: 0.000000  pi_i_sum: 0.000000
Info_set: 97   sigma_sum: 0.000000  pi_i_sum: 0.000000
===
[[2, 0, 1, 0, 0], [2, 0, 1, 0, 1], [2, 0, 1, 0, 2], [2, 0, 1, 0, 3], [2, 0, 1, 0, 4], [2, 0, 1, 1, 0], [2, 0, 1, 1, 1], [2, 0, 1, 1, 2], [2, 0, 1, 1, 3], [2, 0, 1, 1, 4], [2, 0, 1, 2, 0], [2, 0, 1, 2, 1], [2, 0, 1, 2, 2], [2, 0, 1, 2, 3], [2, 0, 1, 2, 4]]
Info_set: 98   sigma_sum: 0.000000  pi_i_sum: 0.000000
Info_set: 98   sigma_sum: 0.000000  pi_i_sum: 0.000000
Info_set: 98   sigma_sum: 0.000000  pi_i_sum: 0.000000
===
[[2, 0, 2, 0], [2, 0, 2, 1], [2, 0, 2, 2]]
Info_set: 99   sigma_sum: 0.000000  pi_i_sum: 0.000000
Info_set: 99   sigma_sum: 0.000000  pi_i_sum: 0.000000
Info_set: 99   sigma_sum: 0.000000  pi_i_sum: 0.000000
Info_set: 99   sigma_sum: 0.000000  pi_i_sum: 0.000000
Info_set: 99   sigma_sum: 0.000000  pi_i_sum: 0.000000
===
[[2, 0, 2, 0, 0], [2, 0, 2, 0, 1], [2, 0, 2, 0, 2], [2, 0, 2, 0, 3], [2, 0, 2, 0, 4], [2, 0, 2, 1, 0], [2, 0, 2, 1, 1], [2, 0, 2, 1, 2], [2, 0, 2, 1, 3], [2, 0, 2, 1, 4], [2, 0, 2, 2, 0], [2, 0, 2, 2, 1], [2, 0, 2, 2, 2], [2, 0, 2, 2, 3], [2, 0, 2, 2, 4]]
Info_set: 100   sigma_sum: 1722.856087  pi_i_sum: 5168.568261
Info_set: 100   sigma_sum: 1722.856087  pi_i_sum: 5168.568261
Info_set: 100   sigma_sum: 1722.856087  pi_i_sum: 5168.568261
===
[[2, 1, 0, 0], [2, 1, 0, 1], [2, 1, 0, 2]]
Info_set: 101   sigma_sum: 0.000000  pi_i_sum: 0.000000
Info_set: 101   sigma_sum: 0.000000  pi_i_sum: 0.000000
Info_set: 101   sigma_sum: 0.000000  pi_i_sum: 0.000000
Info_set: 101   sigma_sum: 0.000000  pi_i_sum: 0.000000
Info_set: 101   sigma_sum: 0.000000  pi_i_sum: 0.000000
===
[[2, 1, 0, 0, 0], [2, 1, 0, 0, 1], [2, 1, 0, 0, 2], [2, 1, 0, 0, 3], [2, 1, 0, 0, 4], [2, 1, 0, 1, 0], [2, 1, 0, 1, 1], [2, 1, 0, 1, 2], [2, 1, 0, 1, 3], [2, 1, 0, 1, 4], [2, 1, 0, 2, 0], [2, 1, 0, 2, 1], [2, 1, 0, 2, 2], [2, 1, 0, 2, 3], [2, 1, 0, 2, 4]]
Info_set: 102   sigma_sum: 3277.143913  pi_i_sum: 9831.431739
Info_set: 102   sigma_sum: 3277.143913  pi_i_sum: 9831.431739
Info_set: 102   sigma_sum: 3277.143913  pi_i_sum: 9831.431739
===
[[2, 1, 1, 0], [2, 1, 1, 1], [2, 1, 1, 2]]
Info_set: 103   sigma_sum: 0.000000  pi_i_sum: 0.000000
Info_set: 103   sigma_sum: 0.000000  pi_i_sum: 0.000000
Info_set: 103   sigma_sum: 0.000000  pi_i_sum: 0.000000
Info_set: 103   sigma_sum: 0.000000  pi_i_sum: 0.000000
Info_set: 103   sigma_sum: 0.000000  pi_i_sum: 0.000000
===
[[2, 1, 1, 0, 0], [2, 1, 1, 0, 1], [2, 1, 1, 0, 2], [2, 1, 1, 0, 3], [2, 1, 1, 0, 4], [2, 1, 1, 1, 0], [2, 1, 1, 1, 1], [2, 1, 1, 1, 2], [2, 1, 1, 1, 3], [2, 1, 1, 1, 4], [2, 1, 1, 2, 0], [2, 1, 1, 2, 1], [2, 1, 1, 2, 2], [2, 1, 1, 2, 3], [2, 1, 1, 2, 4]]
Info_set: 104   sigma_sum: 0.000000  pi_i_sum: 0.000000
Info_set: 104   sigma_sum: 0.000000  pi_i_sum: 0.000000
Info_set: 104   sigma_sum: 0.000000  pi_i_sum: 0.000000
===
[[2, 1, 2, 0], [2, 1, 2, 1], [2, 1, 2, 2]]
Info_set: 105   sigma_sum: 0.000000  pi_i_sum: 0.000000
Info_set: 105   sigma_sum: 0.000000  pi_i_sum: 0.000000
Info_set: 105   sigma_sum: 0.000000  pi_i_sum: 0.000000
Info_set: 105   sigma_sum: 0.000000  pi_i_sum: 0.000000
Info_set: 105   sigma_sum: 0.000000  pi_i_sum: 0.000000
===
[[2, 1, 2, 0, 0], [2, 1, 2, 0, 1], [2, 1, 2, 0, 2], [2, 1, 2, 0, 3], [2, 1, 2, 0, 4], [2, 1, 2, 1, 0], [2, 1, 2, 1, 1], [2, 1, 2, 1, 2], [2, 1, 2, 1, 3], [2, 1, 2, 1, 4], [2, 1, 2, 2, 0], [2, 1, 2, 2, 1], [2, 1, 2, 2, 2], [2, 1, 2, 2, 3], [2, 1, 2, 2, 4]]
Info_set: 106   sigma_sum: 1722.856087  pi_i_sum: 5168.568261
Info_set: 106   sigma_sum: 1722.856087  pi_i_sum: 5168.568261
Info_set: 106   sigma_sum: 1722.856087  pi_i_sum: 5168.568261
===
[[2, 2, 2, 0], [2, 2, 2, 1], [2, 2, 2, 2]]
Info_set: 107   sigma_sum: 0.037180  pi_i_sum: 0.557695
Info_set: 107   sigma_sum: 0.037180  pi_i_sum: 0.557695
Info_set: 107   sigma_sum: 0.161112  pi_i_sum: 0.557695
Info_set: 107   sigma_sum: 0.161112  pi_i_sum: 0.557695
Info_set: 107   sigma_sum: 0.161112  pi_i_sum: 0.557695
===
[[2, 2, 2, 0, 0], [2, 2, 2, 0, 1], [2, 2, 2, 0, 2], [2, 2, 2, 0, 3], [2, 2, 2, 0, 4], [2, 2, 2, 1, 0], [2, 2, 2, 1, 1], [2, 2, 2, 1, 2], [2, 2, 2, 1, 3], [2, 2, 2, 1, 4], [2, 2, 2, 2, 0], [2, 2, 2, 2, 1], [2, 2, 2, 2, 2], [2, 2, 2, 2, 3], [2, 2, 2, 2, 4]]
Info_set: 108   sigma_sum: 1722.856087  pi_i_sum: 5168.568261
Info_set: 108   sigma_sum: 1722.856087  pi_i_sum: 5168.568261
Info_set: 108   sigma_sum: 1722.856087  pi_i_sum: 5168.568261
===
[[2, 4, 2, 0], [2, 4, 2, 1], [2, 4, 2, 2]]
Info_set: 109   sigma_sum: 0.077785  pi_i_sum: 1.166771
Info_set: 109   sigma_sum: 0.077785  pi_i_sum: 1.166771
Info_set: 109   sigma_sum: 0.337067  pi_i_sum: 1.166771
Info_set: 109   sigma_sum: 0.337067  pi_i_sum: 1.166771
Info_set: 109   sigma_sum: 0.337067  pi_i_sum: 1.166771
===
[[2, 4, 2, 0, 0], [2, 4, 2, 0, 1], [2, 4, 2, 0, 2], [2, 4, 2, 0, 3], [2, 4, 2, 0, 4], [2, 4, 2, 1, 0], [2, 4, 2, 1, 1], [2, 4, 2, 1, 2], [2, 4, 2, 1, 3], [2, 4, 2, 1, 4], [2, 4, 2, 2, 0], [2, 4, 2, 2, 1], [2, 4, 2, 2, 2], [2, 4, 2, 2, 3], [2, 4, 2, 2, 4]]
Info_set: 110   sigma_sum: 1722.856087  pi_i_sum: 5168.568261
Info_set: 110   sigma_sum: 1722.856087  pi_i_sum: 5168.568261
Info_set: 110   sigma_sum: 1722.856087  pi_i_sum: 5168.568261

実行時間: 138.499110